3.005409999786934350e-03
9.715000001051521394e-04
4.586650002238457091e-04
3.932640001949039288e-04
3.722230003404547460e-04
4.749050003738375381e-04
5.668059998242824804e-04
4.956650000167428516e-04
4.768949997924210038e-04
5.128150000928144436e-04
5.158859999028209131e-04
8.236379999289056286e-04
6.113370000093709677e-04
5.818949998683820013e-04
4.651449999073520303e-04
4.788250003002758604e-04
4.311449997658201028e-04
3.214039998056250624e-04
4.360349998933088500e-04
4.132039998694381211e-04
3.691139995680714492e-04
3.081429999838292133e-04
3.457130001152108889e-04
3.306130001874407753e-04
2.957719998448737897e-04
2.883330002987349872e-04
2.942629998869961128e-04
2.852029997484351043e-04
3.261830001974885818e-04
2.941430002465494908e-04
2.852930001608910970e-04
3.206129999853146728e-04
2.945730002466007136e-04
3.672739999274199363e-04
4.410139999890816398e-04
3.347739998389442917e-04
3.046330002689501271e-04
2.877829997487424407e-04
2.962530002150742803e-04
2.990930001942615490e-04
2.864329999283654615e-04
3.031830001418711618e-04
2.974629996970179491e-04
2.880629999708617106e-04
2.939529999821388628e-04
2.871130000130506232e-04
2.861130001292622183e-04
2.949130002889432944e-04
2.872830000342219137e-04
3.136029999950551428e-04
2.895630000239179935e-04
2.868930000659020152e-04
2.958430000035150442e-04
3.022129999408207368e-04
2.883629999814729672e-04
2.894630001719633583e-04
2.844230002665426582e-04
2.848120002454379573e-04
2.933529999609163497e-04
2.894029998969926964e-04
4.590450002979196142e-04
2.962930002468056045e-04
2.882730000237643253e-04
2.892530001190607436e-04
2.932029997282370459e-04
2.921229997809859924e-04
2.932529996542143635e-04
2.922930002569046337e-04
2.846329998646979220e-04
2.904329999182664324e-04
2.877719998650718480e-04
3.098740003224520478e-04
2.862830001504335087e-04
2.862129999812168535e-04
3.800839999712479766e-04
2.908429996750783175e-04
3.009629999723983929e-04
2.899930000239692163e-04
2.878029999919817783e-04
2.868229998966853600e-04
2.932319998762977775e-04
2.897130002565972973e-04
2.896529999816266354e-04
2.948829996967106126e-04
2.875420000236772466e-04
3.180029998475220054e-04
2.880130000448843930e-04
2.940630001830868423e-04
3.082630000790231861e-04
2.879230000871757511e-04
2.857429999494343065e-04
2.985930000249936711e-04
2.866129998437827453e-04
2.876829998967878055e-04
2.931730000454990659e-04
2.871029996640572790e-04
2.888730000449868385e-04
2.917430001616594382e-04
2.842730000338633545e-04
3.116929997304396238e-04
