1.728926999930990860e-03
3.538330001902068034e-04
3.146730000480602030e-04
2.988630003528669477e-04
3.460329999143141322e-04
3.063129997826763429e-04
2.946829999928013422e-04
3.091030002906336449e-04
2.979030000460625160e-04
3.257930002291686833e-04
2.987230000144336373e-04
2.919730000030540396e-04
3.112039998995896894e-04
2.972030001728853676e-04
3.674629997476586141e-04
2.961729996968642808e-04
2.908929996010556351e-04
2.983729996230977122e-04
3.053829996133572422e-04
3.005730000040784944e-04
2.969729998767434154e-04
2.958119998766051140e-04
3.088030002800223883e-04
2.995130003000667784e-04
3.179029999955673702e-04
3.007129998877644539e-04
2.942229998552647885e-04
3.212330002497765236e-04
2.994930000568274409e-04
3.078629997617099434e-04
3.003729998454218730e-04
2.931530002570070792e-04
3.068430000894295517e-04
2.957429996968130581e-04
3.059229998143564444e-04
2.963930000987602398e-04
2.997229998982220422e-04
3.095030001531995367e-04
2.955230002044118010e-04
3.034730002582364250e-04
2.978429997710918542e-04
3.179939999427006114e-04
3.149230001326941419e-04
2.942229998552647885e-04
3.053729997191112489e-04
2.968229996440641116e-04
3.171630000906588975e-04
2.984530001413077116e-04
2.969629999824974220e-04
2.968329999930574559e-04
2.934330000243789982e-04
4.538650000540656038e-04
3.270639999755076133e-04
3.025529999831633177e-04
3.117430001111642923e-04
2.978030001941078808e-04
3.008930002579290885e-04
2.927919999820005614e-04
2.915230002145108301e-04
2.972729998873546720e-04
2.960830001939029898e-04
3.020330000254034530e-04
2.928230001089104917e-04
2.924630002780759241e-04
2.985229998557770159e-04
2.917629999501514249e-04
3.244529998482903466e-04
2.971330000036687125e-04
2.929530000983504578e-04
2.958430000035150442e-04
2.933030000349390320e-04
3.213840000171330757e-04
2.973330001623253338e-04
2.911330002461909316e-04
3.031030000784085132e-04
2.950620000774506480e-04
3.270939996582455933e-04
2.978530001200851984e-04
2.940429999398475047e-04
3.046229999199567828e-04
2.951930000563152134e-04
3.247129998271702789e-04
2.972130000671313610e-04
2.943829999821900856e-04
2.993630000673874747e-04
2.962930002468056045e-04
3.243529999963357113e-04
2.985230003105243668e-04
2.940330000456015114e-04
2.972129996123840101e-04
2.939830001196241938e-04
3.191440000591683201e-04
2.992019999510375783e-04
2.958430000035150442e-04
3.068030000576982275e-04
2.933730002041556872e-04
3.293139998277183622e-04
2.984230000038223807e-04
2.939820001301995944e-04
2.966529996228928212e-04
