6.373960000018996652e-04
5.813160000798234250e-04
5.129549999765004031e-04
4.794749997927283403e-04
5.502159997377020773e-04
4.900749995613296051e-04
5.379649996939406265e-04
5.558960001508239657e-04
5.184149999877263326e-04
5.338250002751010470e-04
4.844049999519484118e-04
5.458450000332959462e-04
4.962449997947260272e-04
4.904749998786428478e-04
4.944049996993271634e-04
4.921049999211390968e-04
5.348559998310520314e-04
5.671859998983563855e-04
4.844349996346863918e-04
5.077649998384003993e-04
5.503259999386500567e-04
5.615759996544511523e-04
5.732760000682901591e-04
4.945750001752458047e-04
4.471040001590154134e-04
4.878950003330828622e-04
5.689759996130305808e-04
5.377359998419706244e-04
4.977450003025296610e-04
4.774549997819121927e-04
4.944150000483205076e-04
7.479070000044885091e-04
4.912149997835513204e-04
5.915960000493214466e-04
5.421860000751621556e-04
5.011850003029394429e-04
5.131249999976716936e-04
5.962560003354155924e-04
6.333459996312740259e-04
5.173350000404752791e-04
5.173249996914819349e-04
4.579450001074292231e-04
4.954549999638402369e-04
5.907360000492190011e-04
4.447239998626173474e-04
4.410139999890816398e-04
5.395849998421908822e-04
5.274850000205333345e-04
5.351360000531713013e-04
4.719349999504629523e-04
5.481159996634232812e-04
5.376950002755620517e-04
5.370450003283622209e-04
5.090149998068227433e-04
5.576060002567828633e-04
4.952750000484229531e-04
4.795250001734530088e-04
4.694049998761329334e-04
4.463440000108676031e-04
5.379649996939406265e-04
5.350149999685527291e-04
5.154549999133450910e-04
4.785439996339846402e-04
4.842850003115017898e-04
4.885849998572666664e-04
4.664540001613204367e-04
5.027249999329796992e-04
4.985149998901761137e-04
3.735830000550777186e-04
3.331029997752921190e-04
2.980230001412564889e-04
2.880219999497057870e-04
3.116829998361936305e-04
3.105830001004505903e-04
2.927330001512018498e-04
3.887339998982497491e-04
3.468139998403785285e-04
3.030029997717065271e-04
3.025529999831633177e-04
2.959630000987090170e-04
2.966329998344008345e-04
2.901829998336324934e-04
2.881730001718096901e-04
2.944030002254294232e-04
3.166129999954137020e-04
9.337399997093598358e-04
4.289140001674240921e-04
3.953139998884580564e-04
3.853039997920859605e-04
3.898239997397467960e-04
4.663639997488644440e-04
5.946860001131426543e-04
5.998359997647639830e-04
5.522259998542722315e-04
4.041239999423851259e-04
3.908640001100138761e-04
4.047939996780769434e-04
4.422739998517499771e-04
4.645340000024589244e-04
4.217140003675012849e-04
