2.557096000145975268e-03
3.598830003284092527e-04
3.165929997521743644e-04
2.987829998346569482e-04
2.940430003945948556e-04
3.057829999306704849e-04
2.979330001835478470e-04
3.901840000253287144e-04
4.960050000590854324e-04
4.560950001177843660e-04
5.629349998343968764e-04
4.403039997669111472e-04
3.886639997290330939e-04
3.111839996563503519e-04
3.059930004383204505e-04
2.978829998028231785e-04
3.099229998042574152e-04
3.019830000994261354e-04
3.298429996902996209e-04
3.968639998674916569e-04
3.543840002748765983e-04
2.996929997607367113e-04
2.939130004051548894e-04
3.055130000575445592e-04
2.937829999609675724e-04
3.238829999645531643e-04
2.966929996546241455e-04
2.937429999292362481e-04
3.011430003425630275e-04
3.790139999182429165e-04
3.197229998477268964e-04
5.310750002536224201e-04
4.818249999516410753e-04
4.823449999094009399e-04
4.077039998264808673e-04
3.308539999125059694e-04
3.118029999313876033e-04
3.278429999227228109e-04
2.980929998557257932e-04
3.116530001534556504e-04
3.097230001003481448e-04
2.968329999930574559e-04
4.705050000666233245e-04
3.840740000669029541e-04
3.538539999681233894e-04
3.015530000993749127e-04
2.925630001300305594e-04
3.257030002714600414e-04
2.982529999826510902e-04
3.022829996552900411e-04
2.959030002784857061e-04
2.930129999185737688e-04
3.214230000594398007e-04
3.094940002483781427e-04
3.062030000364757143e-04
2.968929998132807668e-04
2.918119998867041431e-04
3.002029998242505826e-04
2.915730001404881477e-04
3.012130000570323318e-04
2.933830000984016806e-04
2.976530004161759280e-04
3.064929996980936266e-04
2.943330000562127680e-04
3.197230003024742473e-04
2.937029998975049239e-04
2.921529999184713233e-04
3.038029999515856616e-04
2.919830003520473838e-04
3.275829999438428786e-04
3.012229999512783252e-04
2.959130001727316994e-04
2.977630001623765565e-04
2.938120001090283040e-04
3.155429999424086418e-04
3.015329998561355751e-04
2.938630000244302209e-04
3.018630000042321626e-04
2.939820001301995944e-04
3.183230001013725996e-04
2.990330003740382381e-04
2.950830003101145849e-04
3.002829998877132311e-04
2.948930000457039569e-04
2.921919999607780483e-04
3.042530001948762219e-04
2.964329996757442132e-04
3.018130000782548450e-04
3.086830001848284155e-04
2.953530001832405105e-04
2.989429999615822453e-04
2.956630000880977605e-04
2.964029999930062331e-04
2.928930002781271469e-04
2.901019997807452455e-04
2.971630001411540434e-04
2.934829999503563158e-04
3.003029996762052178e-04
2.958830000352463685e-04
2.917729998443974182e-04
2.950530001726292539e-04
2.926529996329918504e-04
3.707239998220757116e-04
3.057129997614538297e-04
2.925629996752832085e-04
2.982430000884050969e-04
2.926129996012605261e-04
3.219529999114456587e-04
2.984130001095763873e-04
2.948930000457039569e-04
3.097130002061021514e-04
2.945230003206233960e-04
3.015330003108829260e-04
2.937730000667215791e-04
2.935329998763336334e-04
3.115529998467536643e-04
3.091130001848796383e-04
5.470050000440096483e-04
4.327149999880930409e-04
4.566950001390068792e-04
3.951339999730407726e-04
4.719850003311876208e-04
4.469539999263361096e-04
4.246839998813811690e-04
4.104339996047201566e-04
4.487950000111595728e-04
4.339239999353594612e-04
3.610640001170395408e-04
3.210840000065218192e-04
3.049029996873287018e-04
3.327439999338821508e-04
3.377029997864156030e-04
3.036230000361683778e-04
3.134930002488545142e-04
3.034339997611823492e-04
3.380030002517742105e-04
3.217630001017823815e-04
3.808340002251497936e-04
3.271039995524915867e-04
3.201730000910174567e-04
3.319630000078177545e-04
3.472339999461837579e-04
3.264440001657931134e-04
3.036230000361683778e-04
3.123830001641181298e-04
3.040930000679509249e-04
2.985330002047703601e-04
3.037740002582722809e-04
3.052930001103959512e-04
3.735730001608317252e-04
3.374240000084682833e-04
3.160129999741911888e-04
3.022129999408207368e-04
2.986829999827023130e-04
3.057740000258490909e-04
2.950630000668752473e-04
3.101229999629140366e-04
3.017630001522775274e-04
2.976230002786905970e-04
3.009930001098837238e-04
3.356330003043694887e-04
3.250539998589374591e-04
3.011430003425630275e-04
3.062430000682070386e-04
2.995830000145360827e-04
3.138130000479577575e-04
3.203730002496740781e-04
3.420530001676524989e-04
3.473930000836844556e-04
3.439229999457893427e-04
3.919539999515109230e-04
3.410439999242953490e-04
3.501429996504157316e-04
3.283139999439299572e-04
3.508740001052501611e-04
3.297729999758303165e-04
3.680840000015450642e-04
3.289229998699738644e-04
3.194930000063322950e-04
3.741330001503229141e-04
3.299840000181575306e-04
3.360440000506059732e-04
3.243830001338210423e-04
3.348830000504676718e-04
3.260329999648092780e-04
3.457530001469422132e-04
3.271329997005523182e-04
3.533030003382009454e-04
3.698440000334812794e-04
3.290629997536598239e-04
3.358430003572721034e-04
3.505839999888848979e-04
4.755439999826194253e-04
4.786839999724179506e-04
5.190350002521881834e-04
5.023050002819218207e-04
4.802749999726074748e-04
5.211559996496362146e-04
4.432939999787777197e-04
4.038339998260198627e-04
5.285950001052697189e-04
6.556260000252223108e-04
5.513360001714318059e-04
5.425350000223261304e-04
5.676359996868995950e-04
5.863950000275508501e-04
6.409059997167787515e-04
9.831489996940945275e-04
4.726550000668794382e-04
6.745470000169007108e-04
5.203360001360124443e-04
5.250150002211739775e-04
8.283189999929163605e-04
9.740789996612875257e-04
6.673770003544632345e-04
4.972450001332617830e-04
5.158550002306583337e-04
5.120849996274046134e-04
4.885449998255353421e-04
5.226450002737692557e-04
5.037450000600074418e-04
4.778649999934714288e-04
4.988849996152566746e-04
5.179049999242124613e-04
4.891349999525118619e-04
5.142160002833406907e-04
4.928250000375555828e-04
5.387060000430210494e-04
4.184939998594927602e-04
4.141149997849424835e-04
4.861749998781306203e-04
4.725439998765068594e-04
5.578450000029988587e-04
4.844550003326730803e-04
5.046749997745791916e-04
4.559949998110823799e-04
4.067340000801777933e-04
4.811439998775313143e-04
4.780750000463740434e-04
4.168740001659898553e-04
3.557039999577682465e-04
3.684029998112237081e-04
3.409030000511847902e-04
3.195640001649735495e-04
4.820150002160517033e-04
5.051350003668630961e-04
3.732340001079137437e-04
3.762629999073396903e-04
4.500449999795819167e-04
4.759349999403639231e-04
4.250040001352317631e-04
4.342550000728806481e-04
4.630250000445812475e-04
3.906739998456032481e-04
5.472349998854042497e-04
5.222259997026412748e-04
4.737350000141304918e-04
5.109160001666168682e-04
5.680350000147882383e-04
4.358539999884669669e-04
5.295349997140874621e-04
5.538959999284998048e-04
4.312339997341041453e-04
5.004750000807689503e-04
3.930640000362473074e-04
3.480039999885775615e-04
5.872459996680845506e-04
4.413139999996928964e-04
5.072250000921485480e-04
4.101139998056169134e-04
4.773939999722642824e-04
3.948140001739375293e-04
3.536740000527061056e-04
3.469630000836332329e-04
3.480229997876449488e-04
5.808860000797722023e-04
5.563559998336131684e-04
5.299150002429087181e-04
4.576050000650866423e-04
4.519439999057794921e-04
4.489550001380848698e-04
3.363529999660386238e-04
3.742939998119254597e-04
3.680640002130530775e-04
3.185529999427672010e-04
3.062929999941843562e-04
3.171130001646815799e-04
3.563129998838121537e-04
3.260130001763172913e-04
3.759429996534890961e-04
3.340230000503652263e-04
3.802130004260106944e-04
3.315930002827371936e-04
3.356930001245927997e-04
3.205830003025766928e-04
3.217630001017823815e-04
3.290929998911451548e-04
1.391953999700490385e-03
4.278340002201730385e-04
4.228540001349756494e-04
4.301640001358464360e-04
4.479350000110571273e-04
4.132539997954154387e-04
3.389530002095852979e-04
3.783739998652890790e-04
3.687530002025596332e-04
3.380329999345121905e-04
3.231330001653986983e-04
3.304629999547614716e-04
3.214640000805957243e-04
3.302929999335901812e-04
3.239630000280158129e-04
3.231329997106513474e-04
3.309939997961919289e-04
3.632230000221170485e-04
3.405330003261042293e-04
3.276340003139921464e-04
3.677639997476944700e-04
3.308640002614993136e-04
3.418129999772645533e-04
3.220130001864163205e-04
4.104139998162281699e-04
3.489640002953819931e-04
3.784139998970204033e-04
4.191939997326699086e-04
4.612540001289744396e-04
4.181439999229041860e-04
4.487639998842496425e-04
4.724149998764914926e-04
3.944930003854096867e-04
5.807560000903322361e-04
5.788759999632020481e-04
4.944449997310584877e-04
5.307549999997718260e-04
5.119860002196219284e-04
5.343449997781135608e-04
1.075290999779099366e-03
4.969949995938804932e-04
4.313240001465601381e-04
5.228049999459472019e-04
3.888040000674664043e-04
4.999550001230090857e-04
3.901529998984187841e-04
3.446739997343684081e-04
3.434340001149394084e-04
3.374540001459536143e-04
6.222459996934048831e-04
7.967579999785812106e-04
5.983659998491930310e-04
5.231360000834683888e-04
4.577740000968333334e-04
4.399550002744945232e-04
4.121639999539183918e-04
3.397730001779564191e-04
3.803439999501279090e-04
4.486440002438030206e-04
3.441930002736626193e-04
3.546030002326006070e-04
3.262029999859805685e-04
3.230930001336673740e-04
3.317740001875790767e-04
3.161330000693851616e-04
3.695039999911386985e-04
3.613129997575015295e-04
3.580229999897710513e-04
3.280740002082893625e-04
3.442039997025858611e-04
3.270030001658597030e-04
3.252040000916167628e-04
3.331939997224253602e-04
3.312730000288865995e-04
4.027439999845228158e-04
4.847149998568056617e-04
4.320340003687306307e-04
4.414149998410721309e-04
4.229850001138402149e-04
3.985840003224438988e-04
5.675760003214236349e-04
4.947849997734010685e-04
5.367459998524282128e-04
5.762860000686487183e-04
5.146949997651972808e-04
4.676140001720341388e-04
6.203769999046926387e-04
5.984159997751703486e-04
5.423449997579155024e-04
5.410659996414324269e-04
4.529339998953219038e-04
4.766450001625344157e-04
4.239840000082040206e-04
3.962340001635311637e-04
4.847149998568056617e-04
5.700059996343043167e-04
5.986559999655582942e-04
5.574960000558348838e-04
4.954850001013255678e-04
4.365239997241587844e-04
4.563350003081723116e-04
3.940629999306111131e-04
3.898439999829861335e-04
4.222140000820218120e-04
3.504040000734676141e-04
3.332129999762400985e-04
3.152330000375513919e-04
3.488239999569486827e-04
3.407730000617448241e-04
3.067429997827275656e-04
4.029839997201634105e-04
3.078330000789719634e-04
3.071840001211967319e-04
2.962429998660809360e-04
3.255130000070494134e-04
2.993529997183941305e-04
2.971530002469080500e-04
3.220040002815949265e-04
3.062430000682070386e-04
3.506640000523475464e-04
3.203129999747034162e-04
5.253050003375392407e-04
3.644640000857179984e-04
3.635230000327283051e-04
3.323930000078689773e-04
3.567940002540126443e-04
3.278429999227228109e-04
3.247439999540802091e-04
3.469629996288858820e-04
3.607140001804509666e-04
3.379630002200428862e-04
3.202429998054867610e-04
3.328230000079202000e-04
3.278540002611407544e-04
3.632329999163630418e-04
3.298740002719569020e-04
3.277329997217748314e-04
3.388939999240392353e-04
3.722139999808860011e-04
3.438229996390873566e-04
4.200639996270183474e-04
4.593939997903362382e-04
4.668239998864009976e-04
4.286349999347294215e-04
4.156539998803054914e-04
4.130939996684901416e-04
5.150959996171877719e-04
5.030749998695682734e-04
4.602240001077007037e-04
4.244440001457405742e-04
4.547640000964747742e-04
4.520540001067274716e-04
4.991850000806152821e-04
6.601360000786371529e-04
4.527649998635752127e-04
5.575350000981416088e-04
5.159960001037688926e-04
5.574849997174169403e-04
6.231970000953879207e-04
1.226112000040302519e-03
5.635250004161207471e-04
5.239750003056542482e-04
5.994059997647127602e-04
5.179350000616977923e-04
4.780740000569494441e-04
4.908649998469627462e-04
5.831049998050730210e-04
5.913459999646875076e-04
6.181160001688112970e-04
6.222160000106669031e-04
5.992039999910048209e-03
5.164250001143955160e-04
5.512149996320658829e-04
6.797070000175153837e-04
5.858560002707235981e-04
5.934159999014809728e-04
6.222370002433308400e-04
7.985180000105174258e-04
5.953759996373264585e-04
6.738770002812088933e-04
5.190960000618360937e-04
5.714650001209520269e-04
8.157879997270356398e-04
5.968060004306607880e-04
5.083749997538689058e-04
6.907470001351612154e-04
7.496069997614540625e-04
5.975060003038379364e-04
5.646159997922950424e-04
6.271759998526249547e-04
6.470369999078684486e-04
8.452289998786000069e-04
6.058059998395037837e-04
5.774960000053397380e-04
5.187449996810755692e-04
6.495560000985278748e-04
5.430660003185039386e-04
5.591250001089065336e-04
6.234160000531119294e-04
5.905560001338017173e-04
5.183749999559950083e-04
1.456374000099458499e-03
5.885860000489628874e-04
6.597169999622565228e-04
6.798069998694700189e-04
6.499370001620263793e-04
5.050549998486530967e-04
5.042549996687739622e-04
5.293849999361555092e-04
4.991350001546379644e-04
5.437159998109564185e-04
6.335369998851092532e-04
5.807759998788242228e-04
5.859160000909469090e-04
5.240159998720628209e-04
5.392260000007809140e-04
4.540350000752368942e-04
4.603439997481473256e-04
3.541029996085853782e-04
3.423530001782637555e-04
3.877939998346846551e-04
3.583740003705315758e-04
3.292830001555557828e-04
3.372940000190283172e-04
3.637429999798769131e-04
3.288440002506831661e-04
3.021829998033354059e-04
3.169029996570316143e-04
3.008829999089357443e-04
2.969430001940054353e-04
3.106330000264279079e-04
2.979529999720398337e-04
4.317140001148800366e-04
3.789040001720422879e-04
3.564539997569227125e-04
3.454529996815836057e-04
3.223740000066754874e-04
3.453740000622929074e-04
3.255429996897873934e-04
3.446939999776077457e-04
3.282029997535573784e-04
3.317830000924004707e-04
3.271629998380376492e-04
3.974840001319535077e-04
3.574039997147337999e-04
4.548440001599374227e-04
4.140040000493172556e-04
4.508440001700364519e-04
5.760559997725067660e-04
5.281459998514037579e-04
4.928949997520248871e-04
4.528439999376132619e-04
4.376150000098277815e-04
5.068549999123206362e-04
5.088650000288907904e-04
5.166750001990294550e-04
4.766450001625344157e-04
4.468249999263207428e-04
4.287749998184153810e-04
3.408540001146320719e-04
3.050929999517393298e-04
4.101939998690795619e-04
4.459739998310396913e-04
4.972249998900224455e-04
4.246349999448284507e-04
4.870849998042103834e-04
4.634249999071471393e-04
4.873549996773363091e-04
4.158540000389621127e-04
3.311030000077153090e-04
3.108229998360911850e-04
3.980440001214446966e-04
3.152729996145353653e-04
3.064239999730489217e-04
3.389429998605919536e-04
3.656439998849236872e-04
3.806439999607391655e-04
3.685940000650589354e-04
3.364139997756865341e-04
3.606039999795029871e-04
3.314629998385498766e-04
3.247330000704096165e-04
3.442239999458251987e-04
3.242429997953877319e-04
3.316040001664077863e-04
3.731329998117871583e-04
3.406030000405735336e-04
3.190439997524663340e-04
3.571539996300998610e-04
3.292030000920931343e-04
3.276239999649988022e-04
4.483639995669363998e-04
5.085149996375548653e-04
4.401940000207105186e-04
4.499040001064713579e-04
4.067439999744237866e-04
4.127139995944162365e-04
4.796749999513849616e-04
3.977340002165874466e-04
4.056439997839333955e-04
3.161640001962950919e-04
4.376140000204031821e-04
6.095260000620328356e-04
4.737849999401078094e-04
5.692859999726351816e-04
4.462940000848902855e-04
4.725349999716854654e-04
3.747929999917687383e-04
3.103229996668233071e-04
3.523939999467984308e-04
3.572830000848625787e-04
3.333539998493506573e-04
2.958129998660297133e-04
2.890129999286727980e-04
2.966829997603781521e-04
3.208739999536192045e-04
3.280630003246187698e-04
3.169230003550183028e-04
2.929830002358357888e-04
2.975729998979659285e-04
3.264830002080998383e-04
3.345340001033036970e-04
2.908430001298256684e-04
2.852329998859204352e-04
3.102539999417786021e-04
2.939519999927142635e-04
3.196229999957722612e-04
3.137430003334884532e-04
3.063229996769223362e-04
2.963729998555209022e-04
2.891629997066047508e-04
4.413439996824308764e-04
2.965919998132449109e-04
2.872029999707592651e-04
2.930929999820364174e-04
2.856229998542403337e-04
3.188629998476244509e-04
3.180229996360139921e-04
3.040930000679509249e-04
3.037129999938770197e-04
2.898130001085519325e-04
3.201529998477781191e-04
2.876130001823185012e-04
2.888429999075015076e-04
2.994330002366041299e-04
2.875330001188558526e-04
2.887129999180615414e-04
2.916530002039507963e-04
3.088629996454983484e-04
3.014630001416662708e-04
2.904829998442437500e-04
2.862830001504335087e-04
3.192029998899670318e-04
5.236659999354742467e-04
4.502439996940665878e-04
4.024940003546362277e-04
4.536450001069169957e-04
4.736049995699431747e-04
4.790950001734017860e-04
3.910039999936998356e-04
4.368039999462780543e-04
4.946050003127311356e-04
4.234640000504441559e-04
3.331040002194640692e-04
2.981030002047191374e-04
3.025930000148946419e-04
2.903820000028645154e-04
2.882829999180103187e-04
3.089530000579543412e-04
3.092229999310802668e-04
4.367439996713073924e-04
4.120340004192257766e-04
5.005349999009922612e-04
4.388349998407647945e-04
4.228040002089983318e-04
4.342840002209413797e-04
4.791139999724691734e-04
3.971239998463715892e-04
3.271630002927850001e-04
3.040330002477276139e-04
2.911130000029515941e-04
3.071330002057948150e-04
2.892830002565460745e-04
3.079729999626579229e-04
2.936529999715276062e-04
2.897429999393352773e-04
3.014430003531742841e-04
3.329430001031141728e-04
3.172529995936201885e-04
3.216129998691030778e-04
5.137949997333635110e-04
3.351139998812868726e-04
3.367630001775978599e-04
3.159530001539678778e-04
3.108030000475991983e-04
3.341730002830445301e-04
3.644129997155687306e-04
3.433140000197454356e-04
3.206230003343080170e-04
3.261530000600032508e-04
3.168230000483163167e-04
3.407129997867741622e-04
3.140429998893523589e-04
3.099929999734740704e-04
3.387839997230912559e-04
3.171429998474195600e-04
3.961040001740911976e-04
3.294630000709730666e-04
3.432640000937681179e-04
3.172029996676428709e-04
3.214630000911711250e-04
3.095329998359375168e-04
4.095239996786403935e-04
4.539350002232822590e-04
4.264750000402273145e-04
4.141839999647345394e-04
4.299439997339504771e-04
3.783440001825510990e-04
5.371759998524794355e-04
4.257740001776255667e-04
4.368149998299486469e-04
4.755750001095293555e-04
5.292849996294535231e-04
5.375360001380613539e-04
4.794249998667510226e-04
4.824239999834389891e-04
4.378540002107911278e-04
3.378639999027654994e-04
3.220930002498789690e-04
4.094239998266857583e-04
3.262529999119578861e-04
3.006530000675411429e-04
2.917229999184201006e-04
2.865419996851414908e-04
2.959630000987090170e-04
2.883129996007482987e-04
3.386930002307053655e-04
2.961229997708869632e-04
3.116329999102163129e-04
2.973329997075779829e-04
2.892630000133067369e-04
2.946829999928013422e-04
2.892630000133067369e-04
2.866920003725681454e-04
3.076729999520466663e-04
2.908530000240716618e-04
2.994629999193421099e-04
2.844529999492806382e-04
3.009430001839064062e-04
2.953930002149718348e-04
2.883030001612496562e-04
3.970239999944169540e-04
3.255730002820200752e-04
3.669739999168086797e-04
4.109240003344893921e-04
4.993849997845245525e-04
1.062491000084264670e-03
8.188680003513582051e-04
5.442649999167770147e-04
6.964470003367750905e-04
6.484669997917080764e-04
5.528159999812487513e-04
6.545060000462399330e-04
4.398340001898759510e-04
3.356129996063828003e-04
2.964830000564688817e-04
3.346829998918110505e-04
3.299739996691641863e-04
3.029629997399752028e-04
3.148840000903874170e-04
3.422529998715617694e-04
3.091529997618636116e-04
3.019129999302094802e-04
3.165530001751903910e-04
3.022030000465747435e-04
3.040329997929802630e-04
3.423129996917850804e-04
3.076129996770760044e-04
3.009130000464210752e-04
3.356829997755994555e-04
3.152730000692827161e-04
3.005830003530718386e-04
3.271830000812769867e-04
2.921129998867399991e-04
2.893720002248301171e-04
3.002830003424605820e-04
2.874230003726552241e-04
3.737140000339422841e-04
2.978930001518165227e-04
2.901329999076551758e-04
3.042530001948762219e-04
2.935429997705796268e-04
3.235629997107025702e-04
3.428530003475316335e-04
3.148440000586560927e-04
3.346729999975650571e-04
3.585230001590389293e-04
3.343839998706243932e-04
4.574039999170054216e-04
4.194749999442137778e-04
3.573740000319958199e-04
3.230729998904280365e-04
3.117129999736789614e-04
3.263930002503911965e-04
3.162729999530711211e-04
3.841340003418736160e-04
3.272530002504936419e-04
3.326329997435095720e-04
3.200739997737400699e-04
3.294830003142124042e-04
3.191230002812517341e-04
3.549630000634351745e-04
3.280929995526093990e-04
3.150130000904027838e-04
4.530140004135319032e-04
5.171850002625433262e-04
4.061540003021946177e-04
4.208840000501368195e-04
4.265140000825340394e-04
4.041339998366311193e-04
5.296849999467667658e-04
4.813440000361879356e-04
4.827450002267141826e-04
5.911949997425836045e-04
4.993050001758092549e-04
6.037660000401956495e-04
4.923450001115270425e-04
5.352349999157013372e-04
4.684539999288972467e-04
4.252539997651183512e-04
3.470440001365204807e-04
3.660040001705056056e-04
3.285429997958999593e-04
3.204029999324120581e-04
2.949830000034125987e-04
4.562039998745603953e-04
8.995889998004713561e-04
5.405150000115099829e-04
5.803559997730189934e-04
5.287659996611182578e-04
4.375749999780964572e-04
4.339049996815447230e-04
3.901639997820893768e-04
3.743140000551647972e-04
3.081429999838292133e-04
3.927130001102341339e-04
3.151529999740887433e-04
3.292930000498017762e-04
3.186029998687445186e-04
2.916630000981967896e-04
2.938130000984529033e-04
3.154529999846999999e-04
4.157040002610301599e-04
4.785750002156419214e-04
3.957040003115253057e-04
4.143440000916598365e-04
4.744249999930616468e-04
4.664040002353431191e-04
4.533549999905517325e-04
4.584240000440331642e-04
5.132949995640956331e-04
3.844140001092455350e-04
3.441639996708545368e-04
3.124929999103187583e-04
3.093929999522515573e-04
2.943030003734747879e-04
3.407329995752661489e-04
3.129929996248392854e-04
3.060130002268124372e-04
3.334440002618066501e-04
3.572940004232805222e-04
3.206329997738066595e-04
3.011429998878156766e-04
3.324039998915395699e-04
2.998429999934160151e-04
2.961929999401036184e-04
3.371439997863490134e-04
2.982529999826510902e-04
3.046029996767174453e-04
2.945830001408467069e-04
3.364129997862619348e-04
3.164330000799964182e-04
2.935229999820876401e-04
3.030130001206998713e-04
2.919630001088080462e-04
2.914719998443615623e-04
2.941730003840348218e-04
3.018930001417174935e-04
3.450230001362797339e-04
3.398740000193356536e-04
3.792640000028768554e-04
3.310730003249773290e-04
3.502240001580503304e-04
3.290340000603464432e-04
3.615939999690453988e-04
3.353529996275028680e-04
3.239729999222618062e-04
3.237030000491358805e-04
3.141229999528150074e-04
3.709829998115310445e-04
3.248540001550281886e-04
3.215330002603877801e-04
3.186139997524151113e-04
3.169229999002709519e-04
3.254230000493407715e-04
3.271830000812769867e-04
3.228639998269500211e-04
3.178340002705226652e-04
3.287629997430485673e-04
4.477640000004612375e-04
4.427039998518011998e-04
4.155639999225968495e-04
4.243250000399712007e-04
4.623939998964488041e-04
3.833130003840778954e-04
4.485949998525029514e-04
4.147149998061649967e-04
4.032439996990433428e-04
3.165230000377050601e-04
3.028129999620432500e-04
2.899529999922378920e-04
2.974829999402572867e-04
2.927529999396938365e-04
2.923930001088592689e-04
2.919019998444127850e-04
3.741239997907541692e-04
4.751050000777468085e-04
5.201060002946178429e-04
4.052740000588528346e-04
4.982350001228041947e-04
4.368240001895173918e-04
4.306239998186356388e-04
4.146539999965170864e-04
3.162530001645791344e-04
3.352939997967041563e-04
3.866739998557022773e-04
3.053529999306192622e-04
2.956229996016190853e-04
2.884529999391816091e-04
3.224039996894134674e-04
2.942629998869961128e-04
3.455430000940395985e-04
3.051730000152019784e-04
2.900629997384385206e-04
2.916329999607114587e-04
2.999529997396166436e-04
4.785549999724025838e-04
2.948030000879953150e-04
2.874829997381311841e-04
3.012429997397703119e-04
2.915630002462421544e-04
3.374429998075356707e-04
2.940229996966081671e-04
2.886930001295695547e-04
2.942329997495107818e-04
2.872129998650052585e-04
3.116630000477016438e-04
2.907530001721170265e-04
2.867130001504847314e-04
2.906929998971463647e-04
4.052039998896361794e-04
1.123820999964664225e-03
4.155040001023735385e-04
3.967439997722976841e-04
4.265039997335406952e-04
5.106749999868043233e-04
4.660539998440071940e-04
3.996539999207016081e-04
4.146639998907630797e-04
4.479140002331405412e-04
4.257939999661175534e-04
3.219740001441095956e-04
3.096039999945787713e-04
2.970830000776913948e-04
3.756840001187811140e-04
3.080629999203665648e-04
3.050029999940306880e-04
3.188529999533784576e-04
3.092239999205048662e-04
3.174230000695388298e-04
3.196630000275035854e-04
4.243640000822779257e-04
3.160030000799451955e-04
3.382329996384214610e-04
3.151930000058200676e-04
2.983929998663370498e-04
3.125439998257206753e-04
3.370340000401483849e-04
3.355439998813380953e-04
3.018130000782548450e-04
2.944829998341447208e-04
3.049530000680533703e-04
2.939829996648768429e-04
3.644530002020474058e-04
3.073129996664647479e-04
3.104729998995026108e-04
3.263339999648451339e-04
2.929029997176257893e-04
3.075029999308753759e-04
2.918630002568534110e-04
3.047029999834194314e-04
3.662930002974462695e-04
3.228530003980267793e-04
