2.469433999976899941e-03
3.919040000255336054e-04
3.199130001121375244e-04
3.013929999724496156e-04
2.955830000246351119e-04
3.082529999574035173e-04
3.004329998930188594e-04
3.503729999465576839e-04
3.047929999411280733e-04
2.964329999031178886e-04
3.028529999937745742e-04
2.951930000563152134e-04
2.925230000982992351e-04
3.106930000740248943e-04
2.951230001144722337e-04
2.911629999289289117e-04
3.000030001203413121e-04
2.943929998764360789e-04
3.246530000069469679e-04
2.968029998555721249e-04
2.939529999821388628e-04
3.155029999106773175e-04
2.996529999563790625e-04
2.952129998448072001e-04
3.009630001997720683e-04
2.937029998975049239e-04
2.945730000192270381e-04
3.066829999625042547e-04
2.966229999401548412e-04
3.097730000263254624e-04
2.944130001196754165e-04
2.926530000877392013e-04
2.987330001360533061e-04
2.930729999661707552e-04
2.923130000453966204e-04
3.020530000412691152e-04
2.953929999875981594e-04
2.898730001561489189e-04
3.023130000201490475e-04
2.939429998605191940e-04
2.920929998708743369e-04
2.938529999028105522e-04
2.952030001779348822e-04
2.930630000719247619e-04
3.085529999680147739e-04
2.951029998712328961e-04
3.342739998970500892e-04
2.984130001095763873e-04
2.964029999930062331e-04
2.964029999930062331e-04
2.926229999502538703e-04
2.937629999451019103e-04
3.174630001012701541e-04
2.958630000193807064e-04
2.933629998551623430e-04
2.918329998919944046e-04
2.896630001032463042e-04
3.640229999746225076e-04
3.111240000635007164e-04
2.930929999820364174e-04
2.960429999347979901e-04
2.877630001876241295e-04
2.913529999659658642e-04
2.952629999981581932e-04
3.025030000571860000e-04
2.918929999395913910e-04
2.953329999400011729e-04
2.926530000877392013e-04
5.980060000183584634e-04
4.316340000514173880e-04
3.205539999271422857e-04
2.938329998869448900e-04
2.899229998547525611e-04
2.995030001784471096e-04
2.901830000610061688e-04
2.892429999974410748e-04
2.995230001943127718e-04
2.892929999234183924e-04
2.896729999974922976e-04
3.011029998560843524e-04
2.906720001192297786e-04
3.182339999057148816e-04
2.903430001879314659e-04
2.882530000078986632e-04
3.165030000218393980e-04
3.057629999148048228e-04
2.917820002039661631e-04
2.925530000084108906e-04
2.896729999974922976e-04
2.881729999444360146e-04
2.904729999499977566e-04
2.871330000289162854e-04
2.866929999072453938e-04
2.894929998547013383e-04
2.878530001453327714e-04
3.135029999157268321e-04
2.943429999504587613e-04
2.897729998494469328e-04
2.938129998710792279e-04
2.884230000290699536e-04
