2.640137000071263174e-03
3.584129999580909498e-04
2.891130002353747841e-04
3.023629997187526897e-04
2.887729997382848524e-04
2.848830004040792119e-04
2.923830002146132756e-04
2.855429997907776851e-04
3.012829997715016361e-04
2.957019996756571345e-04
2.875719997064152267e-04
3.376340000613708980e-04
2.871329998015426099e-04
2.834730003087315708e-04
3.025830001206486486e-04
2.870829998755652923e-04
2.836230000866635237e-04
2.950729999611212406e-04
2.885230001083982643e-04
2.827630000865610782e-04
2.871629999390279409e-04
2.835029999914695509e-04
2.826229997481277678e-04
2.857330000551883131e-04
2.853430000868684147e-04
2.854520002983917948e-04
2.873230000659532379e-04
2.826619997904344928e-04
3.042630000891222153e-04
2.838230002453201450e-04
2.869429999918793328e-04
2.909830000135116279e-04
2.873130001717072446e-04
2.832530003615829628e-04
2.920130000347853638e-04
2.852030002031824552e-04
2.855330003512790427e-04
2.874630004043865483e-04
2.845730000444746111e-04
2.832230002240976319e-04
2.876730000025418121e-04
2.878229997804737650e-04
2.901530001508945134e-04
2.901530001508945134e-04
2.848130002348625567e-04
2.846219999810273293e-04
2.892529996643133927e-04
2.837819997694168705e-04
3.061930001422297210e-04
2.848529998118465301e-04
2.844929999810119625e-04
3.162630000588251278e-04
2.877329998227651231e-04
2.846530001079372596e-04
3.296540003248082940e-04
2.949029999399499502e-04
2.854819999811297748e-04
2.881230002458323725e-04
2.858729999388742726e-04
2.829730001394636929e-04
3.174529997522768099e-04
2.888530002564948518e-04
3.114839996669616085e-04
2.883729998757189605e-04
2.874929996323771775e-04
2.937529998234822415e-04
2.974029998767946381e-04
2.860430004147929139e-04
2.866629997697600629e-04
2.932420002252911218e-04
2.850819996638165321e-04
3.019829996446787845e-04
2.893129999392840546e-04
2.826730001288524363e-04
2.903330000663117971e-04
2.867729999707080424e-04
2.828530000442697201e-04
2.860620002138603013e-04
2.876129997275711503e-04
3.084830000261717942e-04
2.871229999072966166e-04
2.837729998645954765e-04
3.102929999840853270e-04
2.852630000234057661e-04
2.854519998436444439e-04
2.944329999081674032e-04
2.839029998540354427e-04
2.836920002664555795e-04
2.876030002880725078e-04
2.832230002240976319e-04
2.875930003938265145e-04
2.866129998437827453e-04
2.835430000232008751e-04
2.847329997166525573e-04
2.851230001397198066e-04
2.860129998225602321e-04
2.850819996638165321e-04
2.986230001624790020e-04
2.853730002243537456e-04
2.834829997482302133e-04
2.879230000871757511e-04
2.836019998539995868e-04
3.073430002586974297e-04
2.848919998541532550e-04
2.833429998645442538e-04
2.952330000880465377e-04
2.881830000660556834e-04
2.823530003297491930e-04
2.915929999289801344e-04
2.865930000552907586e-04
2.840530000867147464e-04
2.939630003311322071e-04
2.857429999494343065e-04
4.459639999367936980e-04
4.274539996913517825e-04
4.343139999036793597e-04
4.059739999320299830e-04
4.721649997918575536e-04
3.844539996862295084e-04
5.645950000143784564e-04
4.663849999815283809e-04
5.107349998070276342e-04
5.755160000262549147e-04
5.448560000331781339e-04
6.017159998918941710e-04
5.283249997773964424e-04
5.504549999386654235e-04
4.864749998887418769e-04
5.644859998028550763e-04
1.345074000255408464e-03
4.969849996996344998e-04
2.192442000250593992e-03
6.053960000826918986e-04
6.399670000973856077e-04
7.005570000728766900e-04
5.840059998263313901e-04
6.405270000868767966e-04
5.414759998529916629e-04
1.229063000209862366e-03
6.205559998306853231e-04
5.977259997962391935e-04
5.016549998799746390e-04
4.886950000582146458e-04
4.650839996429567691e-04
6.009160001667623874e-04
5.513149999387678690e-04
4.918049999105278403e-04
4.060340002070006449e-04
4.180539999651955441e-04
3.838539996650069952e-04
3.788140002143336460e-04
5.221350002102553844e-04
6.864070001029176638e-04
5.722150003748538438e-04
5.747150003116985317e-04
5.485550000230432488e-04
6.161559999782184605e-04
6.171760001052462030e-04
4.840039996452105697e-04
4.848349999519996345e-04
6.358659998113580514e-04
5.422650001492002048e-04
5.348760000742913689e-04
6.197759998940455262e-04
5.772850004177598748e-04
6.119360000411688816e-04
7.183170000644167885e-04
5.433750002339365892e-04
5.154850000508304220e-04
6.402560002243262716e-04
5.869260003237286583e-04
5.090149998068227433e-04
6.579369996870809700e-04
5.637260001094546169e-04
5.036750003455381375e-04
5.881059996681869961e-04
6.665360001534281764e-04
5.611360002149012871e-04
6.140060004327096976e-04
4.800739998245262541e-04
1.540576000024884706e-03
5.837860003339301329e-04
6.309959999271086417e-04
5.893859997740946710e-04
5.716850000681006350e-04
5.411249999269784894e-04
5.569250001826731022e-04
6.992069997977523599e-04
5.250250001154199708e-04
5.981560002510377672e-04
5.569959998865670059e-04
5.657560000145167578e-04
7.426380002470978070e-04
8.969679997790080961e-04
4.899559000023145927e-03
5.793259997517452575e-04
6.338459998005419038e-04
5.749960000684950501e-04
5.705150001631409395e-04
6.384270000125980005e-04
5.551360000026761554e-04
6.801370000175666064e-04
6.039760000930982642e-04
1.288832999762234977e-03
5.273349997878540307e-04
7.486469999093969818e-04
5.400850000114587601e-04
4.704540001512214076e-04
5.144450001353106927e-04
6.472260001828544773e-04
7.024869996712368447e-04
4.981350002708495595e-04
4.806949996236653533e-04
4.393839999465853907e-04
4.978050001227529719e-04
5.610049997812893707e-04
4.669539998758409638e-04
3.922340001736301929e-04
3.957640001317486167e-04
5.307150004227878526e-04
4.128639998270955402e-04
4.866050003329291940e-04
5.845360001330845989e-04
4.531150002549111377e-04
4.413850001583341509e-04
3.561829998943721876e-04
3.881040001942892559e-04
4.764250002153858077e-04
5.316060000950528774e-04
4.371639997771126218e-04
4.645949998121068347e-04
4.126039998482156079e-04
5.158949998076423071e-04
4.119340001125237904e-04
3.348730001562216785e-04
3.352339999764808454e-04
3.206440001122246031e-04
3.029230001629912294e-04
4.223140003887237981e-04
4.550350004137726501e-04
4.086339999957999680e-04
5.023550002078991383e-04
5.038450003667094279e-04
6.362469998748565558e-04
7.245270003295445349e-04
5.844649999744433444e-04
6.644570003118133172e-04
7.080180002958513796e-04
7.078980002006574068e-04
6.018359999870881438e-04
5.603449999398435466e-04
5.502750000232481398e-04
5.685159999302413780e-04
6.182359998092579190e-04
4.518949999692267738e-04
4.402139998092025053e-04
4.102039997633255553e-04
3.535139999257808086e-04
3.992739998466277029e-04
3.455229998508002609e-04
3.172930000800988637e-04
3.051529997719626408e-04
3.613630001382261980e-04
4.108139996787940618e-04
4.596549997586407699e-04
3.841640000246115960e-04
3.405040001780434977e-04
3.113630000370903872e-04
4.567340001813136041e-04
4.245240002092032228e-04
4.498940002122253645e-04
4.303249997974489816e-04
4.172140002083324362e-04
4.108339999220333993e-04
4.037040002913272474e-04
9.183990000565245282e-04
4.873449997830903158e-04
5.017949997636605985e-04
4.824749998988409061e-04
4.901440001958690118e-04
4.419649999363173265e-04
5.327549997673486359e-04
4.762049998134898487e-04
4.357450002316909377e-04
4.155739998168428428e-04
4.206240000712568872e-04
5.020350004087958951e-04
9.956799999599752482e-04
4.106640003556094598e-04
3.560139998626254965e-04
3.326930000184802338e-04
3.042430003006302286e-04
6.040759999450528994e-04
3.792029997384815942e-04
3.292429996690771077e-04
3.392730000086885411e-04
4.107539998585707508e-04
5.230249998930958100e-04
7.611080000060610473e-04
4.756940002152987290e-04
3.768440001294948161e-04
3.474539998933323659e-04
3.494729999147239141e-04
3.313430001981032547e-04
3.406739997444674373e-04
6.443759998546738643e-04
5.148850000296079088e-04
5.490059998010110576e-04
4.905549999421054963e-04
4.590640000969870016e-04
4.939450000165379606e-04
5.137950001881108619e-04
5.533250000553380232e-04
5.080650003037590068e-04
5.263349999040656257e-04
5.472650000228895806e-04
6.459969999923487194e-04
5.152959997758443933e-04
4.679139997278980445e-04
4.424839999046525918e-04
4.992450003555859439e-04
5.415260002337163314e-04
4.866350000156671740e-04
3.750629998648946639e-04
3.811639999184990302e-04
3.923139997823454905e-04
3.760039999178843573e-04
4.496940000535687432e-04
4.598749997057893779e-04
4.601239998009987175e-04
5.263549996925576124e-04
4.443049997462367173e-04
4.177139999228529632e-04
3.105730002062045969e-04
3.829140000561892521e-04
3.450830004112503957e-04
3.594940003495139536e-04
3.484540002318681218e-04
4.100040000594162848e-04
3.482029997030622326e-04
3.175329998157394584e-04
3.434430000197608024e-04
3.150829998048720881e-04
3.123530000266327988e-04
3.686830000333429780e-04
3.492329997243359685e-04
3.592040002331486903e-04
3.124539998680120334e-04
3.062529999624530319e-04
3.110929997092171106e-04
3.079530001741659362e-04
3.217729999960283749e-04
3.192129997842130251e-04
3.054030003113439307e-04
3.097029998571088072e-04
3.515829998832487036e-04
4.637339998225797899e-04
4.382249999252962880e-04
4.471050001484400127e-04
4.016140001112944447e-04
4.815349998352758121e-04
3.798030002144514583e-04
3.982140001426159870e-04
5.251449997558665927e-04
4.337939999459194951e-04
4.282639997654769104e-04
3.390229999240546022e-04
2.930030000243277755e-04
2.847830000973772258e-04
3.017729995917761698e-04
3.049029996873287018e-04
2.981829998134344351e-04
2.950429998236359097e-04
4.682867000155965798e-03
1.993330000004789326e-03
4.856150003433867823e-04
4.565539998111489695e-04
5.663659999299852643e-04
4.545840001810574904e-04
4.358940000201982912e-04
3.613529997892328538e-04
4.568249996736994945e-04
4.400949997034331318e-04
3.932740000891499221e-04
2.993530001731414814e-04
3.423729999667557422e-04
3.296230001978983637e-04
2.933929999926476739e-04
2.976730002046679147e-04
2.964730001622228883e-04
3.326629998809949029e-04
3.012130000570323318e-04
2.946730000985553488e-04
3.120129999842902180e-04
2.942629998869961128e-04
2.876130001823185012e-04
3.479640004115935881e-04
3.017330000147921965e-04
3.251729999647068325e-04
2.921629998127173167e-04
3.235029998904792592e-04
2.967430000353488140e-04
2.902829996855871286e-04
2.871130000130506232e-04
2.952230001938005444e-04
2.890529999604041222e-04
2.874619999602145981e-04
3.104130000792792998e-04
3.064630000153556466e-04
3.243129999646043871e-04
2.930729997387970798e-04
2.866029999495367520e-04
2.888129997700161766e-04
2.980530002787418198e-04
3.084529998886864632e-04
3.360139999131206423e-04
3.101530001003993675e-04
3.095130000474455301e-04
3.737940000974049326e-04
3.267529996264784131e-04
3.281429999333340675e-04
3.184329998475732282e-04
3.094730000157142058e-04
3.316239999548997730e-04
3.075839999837626237e-04
3.144730003441509325e-04
3.070829998250701465e-04
3.151430000798427500e-04
4.143240003031678498e-04
3.786739998759003356e-04
3.335930000503140036e-04
3.122429998256848194e-04
3.375430001142376568e-04
3.126840001641539857e-04
3.097240000897727441e-04
3.193030001966690179e-04
3.049430001738073770e-04
3.057930002796638291e-04
4.016339998997864313e-04
4.518739997365628369e-04
4.070039999533037189e-04
3.967040001953137107e-04
4.211440000290167518e-04
3.829729998869879637e-04
3.630739997788623441e-04
4.792650001945730764e-04
4.252239996276330203e-04
4.600739998750213999e-04
4.477540001062152442e-04
4.193139998278638814e-04
5.021949996262264904e-04
5.457160000332805794e-04
4.325849999986530747e-04
4.151440002715389710e-04
3.150630000163801014e-04
3.199939997102774214e-04
3.051330004382180050e-04
3.724739999597659335e-04
2.965620001305069309e-04
3.137630001219804399e-04
5.365359997995255981e-04
4.992149997633532621e-04
3.266329999860317912e-04
2.871730002880212851e-04
3.102929999840853270e-04
4.022839998469862621e-04
3.343739999763783999e-04
2.939729997706308495e-04
5.572059999394696206e-04
5.324950002432160545e-04
5.313750002642336767e-04
6.392159998540591914e-04
4.912449999210366514e-04
1.348382999822206330e-03
6.453270002566569019e-04
6.248069998946448322e-04
6.251059999158314895e-04
8.579180002925568260e-04
7.225469998957123607e-04
6.244460000743856654e-04
5.868059997737873346e-04
3.422014000079798279e-03
6.280560000959667377e-04
7.177769998634175863e-04
6.103160003476659767e-04
5.868360003660200164e-04
7.775480003147094976e-04
6.685769999421609100e-04
6.509959998766134959e-04
7.209579998743720353e-04
5.425559998002427164e-04
7.986479999999573920e-04
4.740239996863238048e-04
5.213550002736155875e-04
8.656989998598874081e-04
1.258882999991328688e-03
5.135950000294542406e-04
4.989750000277126674e-04
5.050550003034004476e-04
5.128449997755524237e-04
7.129270002224075142e-04
6.079159998080285732e-04
5.326860000423039310e-04
5.767659999946772587e-04
4.776150003635848407e-04
4.956650000167428516e-04
6.079060003685299307e-04
5.051650000496010762e-04
5.899060001866018865e-04
5.989559999761695508e-04
5.198949997975432780e-04
5.086750002192275133e-04
4.701249999925494194e-04
6.113859999459236860e-04
1.203991999773279531e-03
5.361649996302730870e-04
5.841460001647647005e-04
4.674250003517954610e-04
5.273550000310933683e-04
5.313349997777550016e-04
5.014250000385800377e-04
4.265040001882880460e-04
4.589840000335243531e-04
5.138650003573275171e-04
3.556940000635222532e-04
3.191629998582357075e-04
3.234039995732018724e-04
3.936240000257384963e-04
3.489740001896279864e-04
3.611540000747481827e-04
3.908329999831039459e-04
3.217240000594756566e-04
3.158629997415118851e-04
3.752239999812445603e-04
4.325449999669217505e-04
4.306440000618749764e-04
3.995140000370156486e-04
4.620150002665468492e-04
3.964140000789484475e-04
3.629929997259750962e-04
3.711639997163729277e-04
5.775650001851317938e-04
5.216049999035021756e-04
5.011150001337227877e-04
4.170440001871611457e-04
4.769249999299063347e-04
4.848149997087602969e-04
6.378560001394362189e-04
5.974860000605985988e-04
6.514570000035746489e-04
4.808349999620986637e-04
5.664360000992019195e-04
4.296339998290932272e-04
4.653949999919859692e-04
3.563640002539614215e-04
3.404234999834443443e-03
4.378049998194910586e-04
4.046539997943909839e-04
3.859240000565478113e-04
4.156840000177908223e-04
4.585749998113897163e-04
4.490940000323462300e-04
3.775740001401572954e-04
4.585839997162111104e-04
4.529150000962545164e-04
3.573839999262418132e-04
3.209229998901719227e-04
2.935030001935956534e-04
2.863529998649028130e-04
2.907329999288776889e-04
3.047529999093967490e-04
3.152039998894906603e-04
3.042829998776142020e-04
3.040729998247115873e-04
3.050929999517393298e-04
3.211830003237992059e-04
2.921230002357333433e-04
2.970629998344520573e-04
3.149839999423420522e-04
3.190829997947730590e-04
2.900429999499465339e-04
2.858230000128969550e-04
2.925230000982992351e-04
2.855729999282630160e-04
2.852729999176517595e-04
2.952429999822925311e-04
3.130529998998099472e-04
3.052329998354252893e-04
3.124529998785874341e-04
3.303329999653215054e-04
3.393040001355984714e-04
3.137230000902491156e-04
3.119130001323355827e-04
3.366539999660744797e-04
3.132830001959518995e-04
3.384429996913240757e-04
3.448229999776231125e-04
4.179440002189949155e-04
4.169339999862131663e-04
3.413130002627440263e-04
3.379429999768035486e-04
3.094230000897368882e-04
3.227229999538394623e-04
3.112429999418964144e-04
3.072029999202641193e-04
3.339830000186339021e-04
3.443939999669964891e-04
5.312250000315543730e-04
4.418140001689607743e-04
4.094939999959024135e-04
4.094050000276183710e-04
4.192040000816632528e-04
3.942040002584690228e-04
3.820929996436461806e-04
4.861839997829520144e-04
4.250639999554550741e-04
4.205239997645549010e-04
4.255740000189689454e-04
3.667339997264207341e-04
3.138140000373823568e-04
2.901930001826258376e-04
3.682540000227163546e-04
3.020029998879181221e-04
2.835919999597535934e-04
4.027439999845228158e-04
4.578539997055486310e-04
4.426850000527338125e-04
5.252860000837245025e-04
4.447749997780192643e-04
4.158940000706934370e-04
3.110229999947478063e-04
3.295229998911963776e-04
3.323229998386523221e-04
3.652640002655971330e-04
3.130829995825479273e-04
2.884619998440030031e-04
3.150739999000506941e-04
2.900829999816778582e-04
2.914130000135628507e-04
3.188730001966177952e-04
2.916829998866887763e-04
2.853730002243537456e-04
2.931229996647743974e-04
3.027230000043346081e-04
2.871729998332739342e-04
2.934130002358870115e-04
2.854829999705543742e-04
2.826730001288524363e-04
2.902329997596098110e-04
2.852429997801664285e-04
2.835330001289548818e-04
2.896029996009019669e-04
2.846130000762059353e-04
2.811919998748635408e-04
2.912529998866375536e-04
3.024930001629400067e-04
3.182939999533118680e-04
2.891230001296207774e-04
2.852330003406677861e-04
2.902930000345804729e-04
2.846929996849212330e-04
2.832529999068356119e-04
3.007430000252497848e-04
2.893030000450380612e-04
2.858620000552036799e-04
2.983730000778450631e-04
2.879730000131530687e-04
3.026029999091406353e-04
2.985830001307476778e-04
2.910029998020036146e-04
3.207239997209399007e-04
3.578040000320470426e-04
3.047329996661574114e-04
2.925630001300305594e-04
2.849129996320698410e-04
2.880130000448843930e-04
3.047430000151507556e-04
3.159230000164825469e-04
9.028389999912178610e-04
4.630039998119173106e-04
4.219440002088958863e-04
3.936640000574698206e-04
3.977140004280954599e-04
4.647150003620481584e-04
4.534839999905670993e-04
4.590950002238969319e-04
3.683039999486936722e-04
3.702839999277784955e-04
4.692640000030223746e-04
4.420340001161093824e-04
3.696339999805786647e-04
3.442140000515792053e-04
3.112740000688063446e-04
2.984829998240456916e-04
2.881630002775636967e-04
2.882730000237643253e-04
2.945330002148693893e-04
2.863229997274174821e-04
3.006130000358098187e-04
3.107829998043598607e-04
3.028529999937745742e-04
3.006030001415638253e-04
3.113230000053590629e-04
3.396340002836950589e-04
3.103230001215706579e-04
2.931420003733364865e-04
3.001129998665419407e-04
3.129130000161239877e-04
2.930929999820364174e-04
2.870319999601633754e-04
2.959729999929550104e-04
3.143330000057176221e-04
3.024829998139466625e-04
2.881129998968390282e-04
3.303230000710755121e-04
3.038730001208023168e-04
2.875529999073478393e-04
2.898929997172672302e-04
3.004929999406158458e-04
2.873529997486912180e-04
2.875230002246098593e-04
2.918630002568534110e-04
2.846829997906752396e-04
4.566840002553362865e-04
2.926629999819851946e-04
2.851730000656971242e-04
3.509240000312274788e-04
3.035130002899677493e-04
3.045529997507401276e-04
3.356229999553761445e-04
3.095929996561608277e-04
3.356129996063828003e-04
3.140429998893523589e-04
3.066629997192649171e-04
3.205339999112766236e-04
3.152129997943120543e-04
4.073840000273776241e-04
3.317929999866464641e-04
3.106230001321819145e-04
3.389839998817478772e-04
3.121830000054615084e-04
3.415439996388158761e-04
3.067930001634522341e-04
3.017130002263002098e-04
3.214939997633337043e-04
3.055130000575445592e-04
3.409629998714081012e-04
4.005440000582893845e-04
3.254030002608487848e-04
3.248529997108562384e-04
3.490940002848219592e-04
3.687029998218349647e-04
3.162729999530711211e-04
3.047130003324127756e-04
3.184940001119684894e-04
3.044529998987854924e-04
3.174939997734327335e-04
3.509839998514507897e-04
4.649239999707788229e-04
4.343739997239026707e-04
4.608849999385711271e-04
4.048340001645556185e-04
4.866250001214211807e-04
3.756539999812957831e-04
3.964740003539191093e-04
5.507559999387012795e-04
4.284050000933348201e-04
3.607329999795183539e-04
4.379449997031770181e-04
4.524139999375620391e-04
4.902650002804875840e-04
4.887250001956999768e-04
4.341740000199934002e-04
4.280540001673216466e-04
4.146940000282484107e-04
3.175330002704868093e-04
3.220929997951316182e-04
3.023129997927753720e-04
3.712439997798355762e-04
3.014530002474202774e-04
2.883329998439876363e-04
2.881929999603016768e-04
2.839429998857667670e-04
2.841530003934167325e-04
3.246829996896849480e-04
2.938929997071682010e-04
3.010430000358610414e-04
2.916429998549574520e-04
2.985630003422556911e-04
2.926829997704771813e-04
2.845230001184972934e-04
2.824919997692632023e-04
3.038429999833169859e-04
2.870429998438339680e-04
2.818729999489733018e-04
2.861430002667475492e-04
2.828530000442697201e-04
3.031329997611464933e-04
3.015430002051289193e-04
3.014330000041809399e-04
2.920429997175233439e-04
3.189429999110870995e-04
9.226900001522153616e-04
5.205550000937364530e-04
4.197339999336691108e-04
4.312839996600814629e-04
3.925539999727334362e-04
5.213550002736155875e-04
4.376050001155817881e-04
4.568939998534915503e-04
3.741139998965081759e-04
3.655939999589463696e-04
4.560449997370596975e-04
4.582340002343698870e-04
3.741139998965081759e-04
3.191829996467276942e-04
2.921029999924940057e-04
2.886729998863302171e-04
2.989630002048215829e-04
2.924830000665679108e-04
3.209540000170818530e-04
2.971730000354000367e-04
3.259830000388319604e-04
3.115929998784849886e-04
4.451949998838244937e-04
4.528849999587691855e-04
3.510739998091594316e-04
3.968430000895750709e-04
4.550339999696006998e-04
4.673150001508474816e-04
4.475040000215813052e-04
4.148539997004263569e-04
3.677240001707104966e-04
3.213730001334624831e-04
2.916829998866887763e-04
2.889929996854334604e-04
2.943429999504587613e-04
2.910929997597122565e-04
3.169130000060249586e-04
2.886820002458989620e-04
2.871930000765132718e-04
3.091130001848796383e-04
3.268939999543363228e-04
2.989429999615822453e-04
2.990030002365529072e-04
2.863629997591488063e-04
2.854929998648003675e-04
3.042129997083975468e-04
2.877330002775124740e-04
3.505039999254222494e-04
3.233129996260686312e-04
3.229530002499814145e-04
3.354830000716901850e-04
3.144440001960902009e-04
4.055740000694640912e-04
3.226129997528914828e-04
3.061130000787670724e-04
3.303240000605001114e-04
3.097529997830861248e-04
3.407130002415215131e-04
3.110429997832397930e-04
3.122530001746781636e-04
3.156030002173793036e-04
3.075339996030379552e-04
3.494329998829925898e-04
3.253139998378173914e-04
3.054829999200592283e-04
3.197030000592349097e-04
3.062829996451910120e-04
3.050230002372700255e-04
3.174329999637848232e-04
3.083629999309778214e-04
3.032730000995798036e-04
3.126329997940047178e-04
3.028529999937745742e-04
3.764039997804502491e-04
3.354740001668687910e-04
3.060129997720650863e-04
3.155130002596706618e-04
3.078029999414866325e-04
3.774140000132319983e-04
4.389549999359587673e-04
4.119139998692844529e-04
4.011839996564958710e-04
4.538949997368035838e-04
3.989739998360164464e-04
3.704640002979431301e-04
4.314449997764313594e-04
4.624140001396881416e-04
4.687750001721724402e-04
4.294450000088545494e-04
4.730650002784386743e-04
4.338940002526214812e-04
5.068450000180746429e-04
4.362250001577194780e-04
4.165639998063852545e-04
3.086930000790744089e-04
3.030529996976838447e-04
3.032230001736024860e-04
3.961940001317998394e-04
3.037229998881230131e-04
3.065329997298249509e-04
3.035830000044370536e-04
2.924119999079266563e-04
2.840820002347754780e-04
2.888029998757701833e-04
2.837729998645954765e-04
2.827530001923150849e-04
2.894530002777173650e-04
3.140629996778443456e-04
3.228130003662954550e-04
2.953719999823078979e-04
2.964020000035816338e-04
3.144530001009115949e-04
2.894729996114620008e-04
3.167730001223389991e-04
4.539339997791103087e-04
3.656339999906776939e-04
3.212429996892751660e-04
2.916530002039507963e-04
2.852330003406677861e-04
3.256939999118912965e-04
9.005090000755444635e-04
5.152950002411671448e-04
4.270039999028085731e-04
3.817040001194982324e-04
3.851139999824226834e-04
3.860140000142564531e-04
3.978539998570340686e-04
4.721539999081869610e-04
4.304749995753809344e-04
4.376040001261571888e-04
3.775140003199339844e-04
3.598139996938698459e-04
3.796440000769507606e-04
4.492550001486961264e-04
4.367950000414566603e-04
4.380049999781476799e-04
3.350639999553095549e-04
2.954930000669264700e-04
3.050029999940306880e-04
2.999529997396166436e-04
2.871930000765132718e-04
2.976530004161759280e-04
2.909330000875343103e-04
2.872129998650052585e-04
2.902830001403344795e-04
3.577339998628303874e-04
3.241839999645890202e-04
3.089930000896856654e-04
3.101429997514060233e-04
3.134329999738838524e-04
3.036129996871750336e-04
3.370529998392157722e-04
3.125329999420500826e-04
2.968030003103194758e-04
2.998529998876620084e-04
3.334539997013052925e-04
3.037730002688476816e-04
3.022430000783060677e-04
2.915830000347341411e-04
4.609749998962797690e-04
3.036429998246603645e-04
2.971929998238920234e-04
3.351230002408556174e-04
2.943829999821900856e-04
2.872029999707592651e-04
2.890929999921354465e-04
2.886229999603528995e-04
3.515630000947567169e-04
3.108930000053078402e-04
2.929219999714405276e-04
3.083030001107545104e-04
2.927830000771791674e-04
2.897029999076039530e-04
2.963330002785369288e-04
2.863129998331714887e-04
2.877730003092437983e-04
3.079329999309265986e-04
2.925130002040532418e-04
3.774540000449633226e-04
3.069230001528922003e-04
2.915730001404881477e-04
3.144540000903361943e-04
3.030530001524311956e-04
3.317830000924004707e-04
3.215629999431257602e-04
3.143040003124042414e-04
3.210129998478805646e-04
3.164340000694210175e-04
3.120040000794688240e-04
3.667930000119667966e-04
3.861140003209584393e-04
3.308640002614993136e-04
3.125729999737814069e-04
3.066829999625042547e-04
3.108129999418451916e-04
3.038429999833169859e-04
3.348029999870050233e-04
3.137930002594657708e-04
